0 0.070312 0.495833 0.140625 0.880000
0 0.115937 0.295000 0.060625 0.345000
0 0.124375 0.253750 0.036250 0.172500
0 0.225938 0.497916 0.214375 0.995833
0 0.432812 0.510000 0.201875 0.978334
0 0.369688 0.220000 0.020625 0.063334
0 0.397500 0.235000 0.045000 0.213334
0 0.516875 0.262084 0.028750 0.134167
0 0.552500 0.380416 0.071250 0.439167
0 0.650000 0.519583 0.196250 0.955833
0 0.727812 0.344166 0.050625 0.366667
0 0.768750 0.331250 0.026250 0.244166
0 0.848125 0.522500 0.182500 0.920000
0 0.942187 0.517084 0.101875 0.754167
0 0.968750 0.457083 0.061250 0.534167
