0 0.020938 0.471666 0.041875 0.428333
0 0.026250 0.332083 0.041250 0.122500
0 0.070625 0.440000 0.076250 0.481666
0 0.054062 0.274166 0.019375 0.018333
0 0.143750 0.445833 0.106250 0.560000
0 0.110937 0.248750 0.016875 0.065834
0 0.185000 0.295417 0.041250 0.189167
0 0.248438 0.444167 0.110625 0.556667
0 0.212188 0.270834 0.028125 0.103333
0 0.296875 0.439167 0.052500 0.470000
0 0.305937 0.313333 0.031875 0.176667
0 0.313438 0.317500 0.019375 0.148334
0 0.326562 0.305000 0.016875 0.108334
0 0.368437 0.436667 0.098125 0.510000
0 0.408438 0.434167 0.049375 0.463333
0 0.419063 0.313334 0.020625 0.121667
0 0.439375 0.310000 0.041250 0.160000
0 0.479063 0.437500 0.091875 0.508334
0 0.508125 0.297917 0.010000 0.045833
0 0.543438 0.302917 0.021875 0.039167
0 0.593438 0.437084 0.090625 0.499167
0 0.625000 0.304584 0.011250 0.035833
0 0.630313 0.303750 0.014375 0.034166
0 0.698750 0.432917 0.035000 0.379167
0 0.717812 0.428750 0.048125 0.394166
0 0.757188 0.433750 0.090625 0.452500
0 0.802500 0.345417 0.036250 0.117500
0 0.822500 0.443333 0.042500 0.323333
0 0.850313 0.437500 0.074375 0.480000
0 0.905938 0.433750 0.105625 0.542500
0 0.952500 0.302084 0.041250 0.144167
0 0.979688 0.460417 0.039375 0.502500
0 0.983437 0.282083 0.023125 0.085833
