2 0.240625 0.903846 0.146250 0.169794
2 0.076250 0.918856 0.152500 0.160413
2 0.087188 0.769231 0.128125 0.106942
2 0.109375 0.444184 0.021250 0.021576
2 0.130938 0.542213 0.034375 0.056285
2 0.149688 0.560507 0.038125 0.060975
2 0.180938 0.528612 0.024375 0.042214
2 0.203437 0.468105 0.021875 0.022514
2 0.284062 0.701219 0.081875 0.085365
2 0.265625 0.535178 0.042500 0.040338
2 0.256563 0.458724 0.019375 0.026266
2 0.255938 0.506566 0.013125 0.013133
2 0.258437 0.467167 0.014375 0.013134
2 0.307812 0.701219 0.078125 0.042213
2 0.311875 0.460600 0.016250 0.022514
2 0.341875 0.522045 0.038750 0.036586
2 0.379062 0.536116 0.045625 0.053471
2 0.390625 0.515948 0.038750 0.035647
2 0.405313 0.464353 0.020625 0.015009
2 0.463125 0.710600 0.102500 0.070357
2 0.498125 0.856004 0.145000 0.188555
2 0.446250 0.464353 0.017500 0.018762
2 0.456562 0.524860 0.026875 0.034709
2 0.459688 0.505159 0.030625 0.030957
2 0.620625 0.677299 0.051250 0.069419
2 0.689688 0.767354 0.120625 0.142589
2 0.672813 0.658537 0.076875 0.071295
2 0.751250 0.664165 0.048750 0.082552
2 0.742188 0.494371 0.018125 0.024391
2 0.762188 0.479831 0.021875 0.027204
2 0.772188 0.494841 0.019375 0.034709
