0 0.718750 0.742139 0.065000 0.394969
0 0.022812 0.761006 0.045625 0.475472
0 0.046562 0.624529 0.011875 0.149685
0 0.079063 0.761006 0.066875 0.475472
0 0.234687 0.766037 0.070625 0.442767
0 0.262500 0.644655 0.020000 0.154717
0 0.295625 0.768554 0.061250 0.437735
0 0.317812 0.642138 0.023125 0.159749
0 0.351875 0.755975 0.053750 0.442768
0 0.371250 0.639622 0.012500 0.139623
0 0.401875 0.767296 0.056250 0.410063
0 0.530625 0.764780 0.052500 0.400000
0 0.545625 0.651572 0.020000 0.135849
0 0.575625 0.768554 0.055000 0.407547
0 0.617500 0.764779 0.056250 0.389937
0 0.660625 0.766038 0.051250 0.382390
0 0.732813 0.698114 0.020625 0.188679
0 0.765937 0.769182 0.061875 0.366037
0 0.810000 0.766667 0.052500 0.366038
0 0.853750 0.770441 0.052500 0.358491
0 0.880625 0.771698 0.052500 0.361006
0 0.916250 0.761007 0.050000 0.349685
0 0.951875 0.766038 0.048750 0.349685
