0 0.018125 0.118750 0.036250 0.192500
0 0.041250 0.497500 0.082500 0.305000
0 0.068750 0.092083 0.118750 0.184167
0 0.097812 0.464167 0.094375 0.306667
0 0.159062 0.072500 0.103125 0.145000
0 0.157188 0.425000 0.086875 0.295000
0 0.532500 0.438333 0.431250 0.876667
0 0.572188 0.885417 0.060625 0.060833
0 0.601875 0.032084 0.032500 0.064167
0 0.653438 0.100834 0.101875 0.201667
0 0.636563 0.881250 0.055625 0.075834
0 0.665625 0.910000 0.082500 0.178334
0 0.707188 0.100834 0.064375 0.201667
0 0.689063 0.410000 0.023125 0.043334
0 0.754063 0.138750 0.133125 0.277500
0 0.738750 0.932500 0.086250 0.133334
0 0.727812 0.527917 0.044375 0.120833
0 0.771562 0.668333 0.090625 0.280000
0 0.762500 0.461250 0.046250 0.072500
0 0.821250 0.186250 0.153750 0.372500
0 0.843125 0.699583 0.158750 0.324167
0 0.805937 0.959167 0.073125 0.080000
0 0.832812 0.563333 0.053125 0.155000
0 0.913438 0.768750 0.171875 0.337500
0 0.920937 0.217084 0.156875 0.434167
0 0.917188 0.636667 0.060625 0.160000
0 0.954688 0.880834 0.089375 0.236667
0 0.966250 0.344167 0.066250 0.260000
