0 0.021889 0.610834 0.043777 0.206667
0 0.051595 0.392917 0.103189 0.435833
0 0.065353 0.286666 0.094434 0.448333
0 0.104127 0.197917 0.050657 0.142500
0 0.147593 0.531250 0.085053 0.302500
0 0.162914 0.388333 0.113196 0.433333
0 0.194184 0.312500 0.100688 0.496666
0 0.230144 0.240000 0.060038 0.220000
0 0.274547 0.516250 0.076297 0.287500
0 0.289556 0.388333 0.090056 0.430000
0 0.310194 0.315000 0.075047 0.328334
0 0.367730 0.518334 0.073796 0.298333
0 0.382113 0.247916 0.078799 0.204167
0 0.387117 0.389166 0.088806 0.431667
0 0.459975 0.332500 0.061914 0.370000
0 0.486866 0.377916 0.089431 0.405833
0 0.481551 0.516667 0.076298 0.305000
0 0.564415 0.320416 0.063165 0.345833
0 0.590682 0.513333 0.071920 0.298333
0 0.663540 0.261667 0.073796 0.211667
0 0.676673 0.380000 0.093808 0.410000
0 0.689806 0.514584 0.078800 0.290833
0 0.727642 0.310000 0.025641 0.091666
0 0.762352 0.338333 0.077549 0.378333
0 0.786116 0.384166 0.111319 0.418333
0 0.814259 0.514166 0.087554 0.306667
0 0.868668 0.265416 0.080050 0.229167
0 0.903064 0.378333 0.110069 0.413333
0 0.919637 0.510417 0.099437 0.275833
0 0.966229 0.255833 0.066292 0.216667
0 0.972795 0.417500 0.053159 0.330000
0 0.980613 0.552917 0.037524 0.174167
