0 0.042188 0.234990 0.035625 0.179175
0 0.051563 0.867730 0.036875 0.159475
0 0.070312 0.544559 0.040625 0.184803
0 0.083750 0.846154 0.035000 0.157598
0 0.085000 0.235929 0.030000 0.177298
0 0.100937 0.236867 0.015625 0.171670
0 0.116250 0.869606 0.036250 0.155722
0 0.133750 0.246717 0.040000 0.159475
0 0.130312 0.542683 0.018125 0.181050
0 0.142813 0.846154 0.029375 0.157598
0 0.148438 0.543621 0.038125 0.186680
0 0.174687 0.866792 0.036875 0.165103
0 0.177812 0.234990 0.035625 0.182927
0 0.186250 0.538930 0.035000 0.184803
0 0.207813 0.849907 0.034375 0.165103
0 0.210313 0.241088 0.029375 0.170732
0 0.232187 0.234990 0.039375 0.182927
0 0.235000 0.868668 0.037500 0.161351
0 0.245937 0.543621 0.035625 0.186680
0 0.278750 0.550656 0.038750 0.191369
0 0.272813 0.242026 0.023125 0.168856
0 0.294375 0.866791 0.038750 0.168855
0 0.293750 0.234990 0.035000 0.186679
0 0.299687 0.824109 0.028125 0.109756
0 0.309063 0.539868 0.029375 0.186679
0 0.371875 0.239212 0.035000 0.170732
0 0.377812 0.847092 0.028125 0.151970
0 0.382188 0.529081 0.024375 0.153846
0 0.389062 0.563789 0.033125 0.161351
0 0.399375 0.864915 0.038750 0.168855
0 0.427187 0.241088 0.039375 0.170732
0 0.446250 0.848030 0.040000 0.157598
0 0.453437 0.543621 0.035625 0.190432
0 0.459063 0.242964 0.034375 0.163227
0 0.491563 0.233115 0.033125 0.182927
0 0.495000 0.856472 0.037500 0.185741
0 0.501563 0.544559 0.026875 0.173546
0 0.523125 0.237336 0.035000 0.178236
0 0.521875 0.848030 0.030000 0.161350
0 0.526250 0.557223 0.036250 0.159475
0 0.560938 0.854128 0.033125 0.190431
0 0.565937 0.542683 0.033125 0.181050
0 0.571250 0.233115 0.033750 0.186679
0 0.584688 0.250470 0.014375 0.140713
0 0.596875 0.545497 0.036250 0.182927
0 0.606563 0.840056 0.029375 0.184803
0 0.625625 0.544559 0.032500 0.184803
0 0.626875 0.238274 0.032500 0.180112
0 0.630625 0.864915 0.040000 0.153847
0 0.684063 0.839118 0.030625 0.179174
0 0.683438 0.537054 0.026875 0.192307
0 0.699375 0.189963 0.043750 0.272983
0 0.733125 0.871013 0.040000 0.169794
0 0.735313 0.203565 0.038125 0.242026
0 0.738438 0.551126 0.039375 0.171670
0 0.762813 0.843808 0.031875 0.181051
0 0.769688 0.537054 0.030625 0.184803
0 0.783125 0.217167 0.037500 0.214822
0 0.797813 0.540807 0.030625 0.196060
0 0.815312 0.859287 0.039375 0.183864
0 0.831250 0.204972 0.051250 0.239212
0 0.837813 0.539868 0.033125 0.186679
0 0.849063 0.844747 0.035625 0.175422
0 0.871875 0.218574 0.045000 0.219512
0 0.910000 0.871013 0.040000 0.166042
0 0.919063 0.552064 0.039375 0.169794
0 0.917812 0.493433 0.029375 0.105065
0 0.926875 0.212007 0.040000 0.225141
0 0.947188 0.850375 0.034375 0.182927
