0 0.055313 0.415417 0.110625 0.237500
0 0.105625 0.830000 0.211250 0.338334
0 0.205000 0.325000 0.222500 0.273334
0 0.323750 0.644166 0.356250 0.486667
0 0.364063 0.275000 0.209375 0.243334
0 0.520312 0.555416 0.328125 0.435833
0 0.477500 0.242917 0.225000 0.230833
0 0.577187 0.222500 0.211875 0.206666
0 0.663750 0.490417 0.343750 0.382500
0 0.664687 0.197500 0.221875 0.198334
0 0.787500 0.433750 0.338750 0.340834
0 0.753437 0.174167 0.205625 0.178333
0 0.825000 0.152500 0.211250 0.166666
0 0.826875 0.158750 0.207500 0.179166
0 0.862500 0.379584 0.273750 0.294167
0 0.887188 0.131666 0.211875 0.156667
0 0.910313 0.300416 0.178125 0.180833
0 0.949688 0.236667 0.099375 0.095000
0 0.983750 0.190833 0.031250 0.061667
