0 0.087092 0.891563 0.097978 0.215625
0 0.076205 0.589687 0.055987 0.174375
0 0.120529 0.086563 0.110420 0.173125
0 0.120918 0.350000 0.101867 0.233750
0 0.128305 0.632500 0.116641 0.238750
0 0.202566 0.887500 0.108087 0.223750
0 0.214230 0.606250 0.101866 0.213750
0 0.218507 0.102187 0.093312 0.145625
0 0.237559 0.349062 0.131415 0.221875
0 0.300156 0.887500 0.087091 0.223750
0 0.303655 0.085625 0.094090 0.171250
0 0.313375 0.591562 0.099534 0.215625
0 0.348367 0.348750 0.110420 0.218750
0 0.389969 0.550625 0.078538 0.133750
0 0.404744 0.085625 0.108087 0.171250
0 0.405910 0.898438 0.110420 0.201875
0 0.402411 0.798438 0.073873 0.059375
0 0.428071 0.602500 0.073873 0.223750
0 0.428071 0.367812 0.061431 0.180625
0 0.468118 0.614375 0.104199 0.223750
0 0.504277 0.886563 0.125194 0.221875
0 0.505443 0.091563 0.122862 0.183125
0 0.488336 0.795937 0.080871 0.061875
0 0.507776 0.372188 0.093312 0.193125
0 0.564930 0.611250 0.106532 0.220000
0 0.579705 0.884062 0.084759 0.230625
0 0.582037 0.783750 0.067651 0.061250
0 0.574650 0.360938 0.048212 0.198125
0 0.606532 0.087500 0.099534 0.175000
0 0.615085 0.529062 0.052877 0.076875
0 0.645023 0.350625 0.112753 0.238750
0 0.664074 0.628437 0.099533 0.230625
0 0.683903 0.782188 0.089425 0.068125
0 0.699067 0.887500 0.115086 0.223750
0 0.692846 0.798437 0.097978 0.063125
0 0.666019 0.100312 0.039658 0.183125
0 0.726672 0.091563 0.114308 0.183125
0 0.693623 0.355000 0.045101 0.182500
0 0.753111 0.343750 0.117419 0.232500
0 0.761664 0.625938 0.125194 0.225625
0 0.803266 0.864375 0.093312 0.205000
0 0.813764 0.596562 0.094090 0.208125
0 0.830482 0.116875 0.093312 0.130000
0 0.857309 0.347500 0.117419 0.242500
0 0.862753 0.537187 0.076983 0.095625
0 0.881804 0.600000 0.068430 0.208750
0 0.875194 0.853125 0.042769 0.196250
0 0.903965 0.877188 0.100311 0.216875
0 0.909409 0.611250 0.089424 0.223750
0 0.937014 0.608750 0.068430 0.218750
0 0.947512 0.343125 0.089425 0.233750
