2 0.004063 0.442199 0.008125 0.046053
2 0.028438 0.595395 0.056875 0.109962
2 0.093438 0.421992 0.026875 0.028195
2 0.097188 0.459587 0.031875 0.050751
2 0.141250 0.550282 0.112500 0.108082
2 0.127500 0.393327 0.020000 0.029136
2 0.178125 0.447838 0.052500 0.049812
2 0.181875 0.383459 0.018750 0.031955
2 0.272500 0.500470 0.086250 0.085526
2 0.268125 0.421992 0.051250 0.056391
2 0.282500 0.383459 0.022500 0.028195
2 0.355938 0.468515 0.075625 0.066730
2 0.389687 0.392388 0.023125 0.032895
2 0.434688 0.438910 0.064375 0.058271
2 0.486563 0.417763 0.053125 0.053572
2 0.528750 0.404135 0.042500 0.046993
2 0.638125 0.599154 0.142500 0.171992
2 0.687500 0.528666 0.115000 0.126879
2 0.723437 0.477913 0.084375 0.098685
2 0.741875 0.398027 0.042500 0.042293
